0.0496077674897115
0.0383230452674903
0.0171574931412896
0.018925754458162
0.0216906721536353
0.0226766117969824
0.0228587962962965
0.020201045953361
0.0184327846364885
0.0183684842249659
0.021894290123457
0.0207583161865571
0.0190650720164611
0.0154535322359397
0.0139639060356653
0.0148426783264747
0.017093192729767
0.0270383230452678
0.0379050925925931
0.052512002743485
0.0627464849108379
0.0825724451303162
0.106717249657063
0.143850737311382
0.186706961591217
0.25808041838134
0.336462620027431
0.372342249657063
0.325585133744852
0.219296553497941
0.116780264060355
0.0474322702331964
0.0151213134430727
0.00154320987654321
0
0
0
0
0
0
0
0
0
0
0
0
