0
0.0522253045470993
0.0121818839705705
0.0250874442166204
0.019177421300205
0.0225545772524424
0.020504161138584
0.0217102882643831
0.0195392594379448
0.0195392594379448
0.021830900976963
0.0264141840549994
0.0206247738511639
0.0215896755518032
0.0173682306115065
0.0227958026776022
0.0202629357134242
0.0177300687492462
0.0220721264021228
0.0224339645398625
0.0185743577373055
0.0201423230008443
0.0164033289108672
0.0125437221083102
0.0135086238089495
0.00952840429381257
0.00723676275479436
0.00554818477867567
0.00277409238933784
0.00229164153901821
0.00289470510191774
0.00289470510191774
0.00458328307803643
0.00482450850319624
0.00361838137739718
0.00506573392835605
0.00434205765287661
0.00301531781449765
0.00168857797611868
0.000482450850319624
0
0
0
0
0
0
