0.218858733472512
0.15093172504446
0.0401299002551612
0.0112116291657002
0.0194850382741823
0.0344854248820846
0.0520374236449393
0.0538931415758138
0.0555168947653291
0.0545890357998918
0.059228330627078
0.061393334879765
0.0801824789298694
0.0893064254233357
0.104152168870332
0.107322353668909
0.113508080105158
0.110105930565221
0.100286089847677
0.124410422949045
0.148921363952679
0.183948039897936
0.199876285471276
0.203433078172119
0.215031315240084
0.213098275728756
0.224851155957628
0.251836387535761
0.314234902961417
0.348874971004408
0.288022887187815
0.152400835073069
0.0438413361169102
0
0
0
0
0
0
0
0
0
0
0
0
0
