0
0.138020833333333
0.0795717592592593
0.0787037037037037
0.0804398148148148
0.0694444444444444
0.0769675925925926
0.0763888888888889
0.0891203703703704
0.0778356481481482
0.0775462962962963
0.0726273148148148
0.0671296296296296
0.0590277777777778
0.0581597222222222
0.0607638888888889
0.0755208333333333
0.0865162037037037
0.0928819444444444
0.129340277777778
0.142071759259259
0.119791666666667
0.12962962962963
0.0844907407407407
0.0795717592592593
0.0338541666666667
0.0324074074074074
0.0555555555555556
0.108217592592593
0.193287037037037
0.140335648148148
0.0659722222222222
0.0280671296296296
0.00665509259259259
0
0
0
0
0
0
0
0
0
0
0
0
