0.0638325199075263
0.0134857436424351
0.0238890315951708
0.0235037246339584
0.0351913691240688
0.0402003596198305
0.0345491908553815
0.0385306961212433
0.0421268944258926
0.0444387361931672
0.0412278448497303
0.0360904187002312
0.0330079630105317
0.0362188543539687
0.0426406370408425
0.0575391728743899
0.0697405599794503
0.071538659131775
0.0877215515026971
0.120986385820704
0.151939378371436
0.150655021834061
0.178782430002569
0.190726945800154
0.213588492165425
0.24081685075777
0.267531466735166
0.22861546365271
0.199332134600565
0.157590547135885
0.0982532751091703
0.0488055484202415
0.0179809915232469
0.00128435653737478
0
0
0
0
0
0
0
0
0
0
0
0
