0.0681993321346006
0.164911379398921
0.0702543025944002
0.09979450295402
0.0913177498073465
0.0977395324942204
0.0978679681479579
0.0942717698433085
0.0906755715386591
0.0865656306190598
0.0852812740816851
0.0902902645774467
0.0836116105830979
0.0864371949653224
0.0936295915746211
0.0901618289237092
0.0883637297713845
0.0882352941176471
0.0705111739018752
0.0664012329822759
0.0545851528384279
0.0402003596198305
0.031209863858207
0.0326226560493193
0.0308245568969946
0.0339070125866941
0.0387875674287182
0.0471358849216542
0.059979450295402
0.057282301566915
0.0545851528384279
0.0421268944258926
0.0256871307474955
0.0125866940662728
0.0023118417672746
0
0
0
0
0
0
0
0
0
0
0
