0.378268269475601
0.336755160660588
0.311707920681501
0.260541327722604
0.258120139195999
0.242882733173405
0.230285405415059
0.213703391004074
0.204304533697847
0.20350938322232
0.221310926171613
0.237280942744694
0.245665759837749
0.24581764251285
0.259692571597041
0.282269484536999
0.300624952536659
0.309979138467856
0.322308437976025
0.349084460168763
0.392799867772726
0.441732891980143
0.49482928834032
0.548488544025873
0.609674926403909
0.664562644902768
0.7061204250928
0.731529503209635
0.74981796414675
0.763652688993413
0.763071961118028
0.742616938491978
0.688305480730998
0.602161201123931
0.49361422693952
0.3740378902603
0.254345408006004
0.146968823847366
0.0686331005954687
0.0243995050411649
0.00584748299137396
0
0
0
0
0
