0.931800667865399
0.548420241459029
0.725019265348061
0.666709478551246
0.641921397379913
0.607500642178269
0.60133573079887
0.599922938607757
0.615335217056255
0.628564089391215
0.64102234780375
0.649884407911636
0.661572052401747
0.650526586180324
0.610197790906756
0.561263806832777
0.502440277421012
0.437837143591061
0.374903673259697
0.302337528898022
0.242486514256358
0.201772412021577
0.175571538659132
0.153737477523761
0.172874389930645
0.198689956331878
0.253531980477781
0.323144104803493
0.439121500128436
0.58348317492936
0.703442075520164
0.824300025687131
0.91497559722579
0.973156948368867
0.996275366041613
1
1
1
1
1
1
1
1
1
1
1
