0.436648019547322
0.378793724279831
0.327728480795607
0.262742198216734
0.266771690672152
0.266825274348422
0.270983367626885
0.272462277091906
0.277638460219477
0.274477023319614
0.262956532921808
0.246024091220848
0.224119084362138
0.203296467764059
0.197455847050754
0.208236882716048
0.24779235253772
0.300422239368995
0.378247170781891
0.466156550068585
0.559027777777777
0.65405306927298
0.738136574074078
0.82338820301784
0.884355709876553
0.929794667352545
0.942483281893011
0.922025034293557
0.84198173868313
0.674950703017833
0.448291752400548
0.238061556927296
0.0960755315500681
0.0321073388203019
0.00453317901234568
0
0
0
0
0
0
0
0
0
0
0
