0.931009528404294
0.59015800265348
0.747195754432517
0.728621396695212
0.744421662043179
0.753950066336992
0.774333614762996
0.783138342781329
0.804486792907973
0.803401278494753
0.786153660595827
0.751055361235074
0.755035580750211
0.760463152816307
0.749728621396695
0.712579905922084
0.69255819563382
0.695573513448317
0.684718369316126
0.655530092871789
0.614521770594621
0.553129899891449
0.507900132673984
0.454589313713665
0.392111928597274
0.324327584127367
0.290556024604993
0.267157158364492
0.248100349776866
0.234953564105657
0.225304547099264
0.249427089615245
0.295742371245929
0.387769870944398
0.507538294536244
0.621517307924255
0.746954529007357
0.866964178024364
0.944276926788084
0.982269931250754
1
1
1
1
1
1
