0
0.0477780631903416
0.0119445157975854
0.0263293090161829
0.0200359619830465
0.0224762394040586
0.0206781402517339
0.0222193680965836
0.0183662984844593
0.0170819419470845
0.019907526329309
0.0218340611353712
0.0156691497559723
0.017210377600822
0.0183662984844593
0.01425635756486
0.0179809915232469
0.0134857436424351
0.00860518880041099
0.00770613922424865
0.00783457487798613
0.00321089134343694
0.00218340611353712
0.00244027742101207
0.00244027742101207
0.00269714872848703
0.00449524788081171
0.00462368353454919
0.00757770357051117
0.00539429745697406
0.0039815052658618
0.00192653480606216
0.00154122784484973
0.000642178268687388
0
0
0
0
0
0
0
0
0
0
0
0
