0
0.555605869862859
0.474923129101015
0.504947423810158
0.512309261574242
0.519780501057258
0.512816729492859
0.509352638220216
0.50511818387063
0.504580966812574
0.507777867159462
0.494973737946504
0.470459311420875
0.466103521138129
0.459528869515235
0.466458876790671
0.482212944407456
0.506444530502622
0.550025951901054
0.598570112788889
0.642128160999946
0.695581913309073
0.758757560500274
0.817914775671163
0.875063529316322
0.918124543015707
0.936362687024046
0.922220871887573
0.86080642058225
0.744480631489976
0.599351058574025
0.479588628591559
0.433850916130966
0.342884037141385
0.333441450928941
0
0
0
0
0
0
0
0
0
0
0
