0.137980943191412
1.10095284042938
0.817271740441443
0.816065613315643
0.773248100349777
0.720660957664938
0.659389699674346
0.614159932456881
0.559763599083343
0.549873356651791
0.600289470510192
0.704016403328911
0.722228922928477
0.715233385598842
0.764563985044024
0.870220721264021
0.956458810758654
0.965263538776987
0.976118682909179
1.09685200820166
1.27125799059221
1.47955614521771
1.70148353636473
1.9429501869497
2.2304908937402
2.53274635146544
2.75925702569051
2.90194186467254
3.03437462308527
3.16125919671933
3.25123628030394
3.18393438668436
2.92280786394886
2.4843806537209
1.96755518031601
1.42829574237125
0.875407067904957
0.429501869497045
0.16656615607285
0.0425762875407068
0
0
0
0
0
0
