0
0.137683020806576
0.0752632930901618
0.0926021063447213
0.0982532751091703
0.107500642178269
0.104546622142307
0.107885949139481
0.0990238890315952
0.0978679681479579
0.0996660673002826
0.0945286411507835
0.0908040071923966
0.0964551759568456
0.101592602106345
0.117518623169792
0.114949910095042
0.119445157975854
0.125353198047778
0.121114821474441
0.108271256100694
0.0988954533778577
0.0834831749293604
0.0839969175443103
0.0735936295915746
0.0846390958129977
0.0723092730541998
0.0922167993835089
0.101078859491395
0.0759054713588492
0.068327767788338
0.0490624197277164
0.0324942203955818
0.0100179809915232
0.00141279219111225
0
0
0
0
0
0
0
0
0
0
0
