0.0351385035982777
0.0330121461468707
0.0237294344157212
0.0273567500681244
0.0256949749170234
0.023300589215437
0.0206292409886672
0.0180114984119329
0.0152999459476364
0.0145181968846185
0.0149738449099204
0.017122538048844
0.0181544468120276
0.0189764001125722
0.0196732735630339
0.0221570020146795
0.0255475593794258
0.0281027620311186
0.0300906382199356
0.0344416301478174
0.0393331457135576
0.0488258129073454
0.056053641387133
0.0673510321321167
0.078550145852036
0.094051112987305
0.10693433754584
0.118803521891203
0.131624206524696
0.150278972737053
0.178658697293355
0.188459596974849
0.186556596398589
0.163416824133261
0.141862885681482
0.1064161495955
0.0684097437203204
0.0326949793841605
0.0127134733334227
0.00240778711409516
0
0
0
0
0
0
