0
0.436325678496868
0.135699373695198
0.0668058455114822
0.108559498956159
0.139874739039666
0.127348643006263
0.118997912317328
0.108559498956159
0.106471816283925
0.0981210855949896
0.0772442588726514
0.112734864300626
0.0918580375782881
0.144050104384134
0.0960334029227557
0.116910229645094
0.0981210855949896
0.0772442588726514
0.0835073068893528
0.0647181628392484
0.0438413361169102
0.0396659707724426
0.0354906054279749
0.022964509394572
0.0250521920668058
0.0480167014613779
0.0521920668058455
0.0542797494780793
0.0668058455114822
0.183716075156576
0.15866388308977
0.137787056367432
0
0
0
0
0
0
0
0
0
0
0
0
0
