0.0729166666666667
0.160011574074074
0.0827546296296296
0.0888310185185185
0.0685763888888889
0.0818865740740741
0.0772569444444444
0.0876736111111111
0.0896990740740741
0.0978009259259259
0.0824652777777778
0.0804398148148148
0.0859375
0.0769675925925926
0.0665509259259259
0.0850694444444444
0.0766782407407407
0.0908564814814815
0.0902777777777778
0.101273148148148
0.101273148148148
0.072337962962963
0.0642361111111111
0.0309606481481481
0.0217013888888889
0.00520833333333333
0.0124421296296296
0.0193865740740741
0.0379050925925926
0.0807291666666667
0.116030092592593
0.0517939814814815
0.0393518518518519
0.00665509259259259
0
0
0
0
0
0
0
0
0
0
0
0
