0.0562055240622362
0.0143529127970088
0.0288264383065975
0.028223374743698
0.0250874442166204
0.0232782535279218
0.0207453865637438
0.0173682306115065
0.0159208780605476
0.0121818839705705
0.0149559763599083
0.0171270051863466
0.0188155831624653
0.0182125195995658
0.0196598721505247
0.0209866119889036
0.0254492823543601
0.029550114582077
0.0285852128814377
0.0317211434085153
0.0430587383910264
0.0432999638161862
0.0601857435773731
0.06404535037993
0.0774333614762996
0.093595464962007
0.111687371848993
0.11590881678929
0.129417440598239
0.149680376311663
0.171270051863466
0.215293691955132
0.1794717163189
0.16692799421059
0.145458931371367
0.113858400675431
0.0601857435773731
0.0311180798456157
0.00735737546737426
0
0
0
0
0
0
0
