0
0.109275117597395
0.073091303823423
0.073091303823423
0.0727294656856833
0.066698830056688
0.0673018936195875
0.0670606681944277
0.0558436859244964
0.0548787842238572
0.0639247376673501
0.0727294656856833
0.0715233385598842
0.0675431190447473
0.0697141478711856
0.078157037751779
0.0857556386443131
0.0802074538656374
0.0824990954046557
0.0917862742733084
0.100952840429381
0.11494391508865
0.125195995657942
0.12869376432276
0.126402122783741
0.136774816065613
0.12881437703534
0.11590881678929
0.119165360028947
0.0893740200217103
0.0878060547581715
0.083343384392715
0.0908213725726692
0.0923893378362079
0.0853938005065734
0.0865999276323725
0.0740562055240622
0.0407670968520082
0.0208659992763237
0.00759860089253407
0
0
0
0
0
0
