0
0.081419624217119
0.0125260960334029
0.0167014613778706
0.0125260960334029
0.0563674321503132
0.0918580375782881
0.125260960334029
0.135699373695198
0.15866388308977
0.164926931106472
0.173277661795407
0.148225469728601
0.22964509394572
0.204592901878914
0.294363256784969
0.288100208768267
0.288100208768267
0.290187891440501
0.348643006263048
0.440501043841336
0.609603340292276
0.707724425887265
0.741127348643006
0.732776617954071
0.705636743215031
0.707724425887265
0.657620041753653
0.622129436325679
0.559498956158664
0.329853862212944
0.121085594989562
0
0
0
0
0
0
0
0
0
0
0
0
0
0
