0.782301090234284
0.621588185262507
0.427511018325215
0.269311064718163
0.309209000231965
0.414830279130906
0.492461145905822
0.53475605041367
0.537075697827263
0.537307662568623
0.544730534292121
0.567153792623521
0.599164926931106
0.650661099512874
0.692956004020722
0.731230186345009
0.746926467176989
0.757364880538158
0.767339364416608
0.805922833062709
0.86321812417846
0.909147142967604
0.919430913167866
0.92252377638599
0.924534137477771
0.925152710121396
0.915642155725664
0.88765174360164
0.840640222686152
0.774916879301013
0.653985927472359
0.472589499729375
0.237995824634656
0.0779401530967293
0
0
0
0
0
0
0
0
0
0
0
0
