0.022964509394572
0.106471816283925
0.0542797494780793
0.0521920668058455
0.104384133611691
0.0939457202505219
0.0855949895615866
0.0605427974947808
0.0709812108559499
0.0521920668058455
0.0542797494780793
0.0709812108559499
0.0417536534446764
0.0647181628392484
0.0563674321503132
0.0417536534446764
0.0396659707724426
0.058455114822547
0.0396659707724426
0.022964509394572
0.0313152400835073
0.00417536534446764
0.00835073068893528
0.00417536534446764
0.0167014613778706
0.0146137787056367
0.0104384133611691
0.0292275574112735
0.0208768267223382
0.0250521920668058
0.0668058455114822
0.0918580375782881
0.0960334029227557
0
0
0
0
0
0
0
0
0
0
0
0
0
