0
0.022861546365271
0.0309529925507321
0.0366041613151811
0.0579244798356024
0.0598510146416645
0.0633187772925764
0.0615206781402517
0.0721808374004624
0.0667865399434883
0.0586950937580272
0.0531723606473157
0.0477780631903416
0.048677112766504
0.0597225789879271
0.0777035705111739
0.0994091959928076
0.119316722322117
0.161957359362959
0.221037760082199
0.272283585923452
0.306062162856409
0.350629334703314
0.390829694323144
0.423837657333676
0.41240688415104
0.385692268173645
0.311328024659646
0.234138196763422
0.163498587207809
0.088749036732597
0.0399434883123555
0.0111739018751605
0.000899049576162343
0
0
0
0
0
0
0
0
0
0
0
0
