0.927083333333333
0.544849537037037
0.736979166666667
0.73755787037037
0.738715277777778
0.725694444444444
0.737847222222222
0.725405092592593
0.719907407407407
0.721064814814815
0.735243055555556
0.756365740740741
0.772569444444444
0.800925925925926
0.817418981481482
0.790219907407407
0.769965277777778
0.700810185185185
0.634259259259259
0.535300925925926
0.435474537037037
0.354166666666667
0.250289351851852
0.18431712962963
0.0972222222222222
0.0653935185185185
0.0445601851851852
0.0564236111111111
0.125
0.283854166666667
0.55787037037037
0.806712962962963
0.91724537037037
0.986400462962963
1
1
1
1
1
1
1
1
1
1
1
1
