0.136398664269201
1.21834061135371
0.879270485486771
0.998587207808888
1.14924222964295
1.2594400205497
1.29565887490367
1.29874133059337
1.27536604161315
1.2302851271513
1.16465450809145
1.11302337528898
1.09645517595685
1.12561006935525
1.27498073465194
1.49203698946828
1.74402774210121
2.03159517081942
2.37015155407141
2.73465193937837
3.06139224248651
3.31004366812227
3.4958900590804
3.61931672232212
3.5897765219625
3.45710249165168
3.20819419470845
2.81839198561521
2.23388132545595
1.62291292062677
1.08553814538916
0.603647572566144
0.262779347546879
0.0711533521705626
0.00886206010788595
0
0
0
0
0
0
0
0
0
0
0
