0
0.0477430555555556
0.0179398148148148
0.0225694444444444
0.0205439814814815
0.0199652777777778
0.0170717592592593
0.0251736111111111
0.0225694444444444
0.0251736111111111
0.0248842592592593
0.0202546296296296
0.0243055555555556
0.0208333333333333
0.0182291666666667
0.0248842592592593
0.0179398148148148
0.0219907407407407
0.0228587962962963
0.0164930555555556
0.0147569444444444
0.0107060185185185
0.00491898148148148
0.00347222222222222
0.00231481481481481
0
0.000289351851851852
0.000289351851851852
0.00144675925925926
0.00318287037037037
0.00462962962962963
0.00347222222222222
0.00231481481481481
0.000289351851851852
0
0
0
0
0
0
0
0
0
0
0
0
