0.0459290187891441
2.52609603340292
0.962421711899791
0.605427974947808
0.868475991649269
1.36116910229645
1.80584551148225
2.02505219206681
2.01670146137787
2.01670146137787
2.10647181628392
2.20876826722338
2.30688935281837
2.53235908141962
2.81837160751566
2.97286012526096
3.09812108559499
3.1419624217119
3.10020876826722
3.35281837160752
3.86221294363257
4.24217118997912
4.35073068893528
4.37369519832985
4.38830897703549
4.36116910229645
4.32567849686848
4.17327766179541
3.91231732776618
3.5741127348643
2.83089770354906
1.68893528183716
0.605427974947808
0
0
0
0
0
0
0
0
0
0
0
0
0
