0
0.558299379064912
0.489182695110342
0.529127289572708
0.556288225804533
0.572518440816286
0.56868900309173
0.564807099618381
0.57442132325551
0.570777401919605
0.558925753680434
0.552375871108438
0.552190217399938
0.551911822622403
0.573898881508792
0.595117423277167
0.619964687989312
0.653723085805707
0.693042455607919
0.738032000248078
0.777798944082642
0.80667375422753
0.829271261959474
0.843124366544553
0.845189121896461
0.832064881190541
0.8100988611935
0.771258095981627
0.714370529821675
0.64815847125032
0.597355255384334
0.531501163667971
0.47152750710417
0.414363429450829
0.353115610031255
0.286599090236884
0
0
0
0
0
0
0
0
0
0
