0
0.0280671296296296
0.0228587962962963
0.0248842592592593
0.0358796296296296
0.0338541666666667
0.0315393518518519
0.0274884259259259
0.0231481481481481
0.0234375
0.0321180555555556
0.0266203703703704
0.0150462962962963
0.0162037037037037
0.0179398148148148
0.0115740740740741
0.0231481481481481
0.0289351851851852
0.0477430555555556
0.0772569444444444
0.114872685185185
0.157986111111111
0.224247685185185
0.301793981481481
0.3984375
0.544849537037037
0.647858796296296
0.629050925925926
0.441550925925926
0.234085648148148
0.09375
0.0303819444444444
0.00434027777777778
0
0
0
0
0
0
0
0
0
0
0
0
0
