0.145833333333333
1.24739583333333
0.776041666666667
0.750578703703704
0.801793981481482
0.837962962962963
0.797453703703704
0.798611111111111
0.807291666666667
0.790219907407407
0.774016203703704
0.706886574074074
0.612847222222222
0.537037037037037
0.502314814814815
0.545138888888889
0.660590277777778
0.891493055555556
1.16869212962963
1.5546875
1.98408564814815
2.4447337962963
2.95023148148148
3.40769675925926
3.87962962962963
4.23900462962963
4.41145833333333
4.30815972222222
3.75318287037037
2.734375
1.4759837962963
0.623553240740741
0.221643518518519
0.0335648148148148
0
0
0
0
0
0
0
0
0
0
0
0
