0
0.545679579823341
0.485611505608633
0.529320021536069
0.512738152190073
0.507763711548627
0.493347474628219
0.490926535498665
0.478743314127737
0.472754709209068
0.481040479274519
0.5079303861567
0.507243478127897
0.503292917408519
0.507635489504734
0.531219233186682
0.543555958146783
0.541822796426616
0.526747315975385
0.541973609006487
0.564036629865789
0.591685269041853
0.619482238857087
0.644786110763667
0.673807347195951
0.710584175960389
0.739252506905298
0.755291842132656
0.777413028991601
0.799319609951939
0.811149259809352
0.813779921627411
0.786650154513374
0.742082936668963
0.692208931177065
0.655022639213335
0.57905643355682
0.498614153029982
0.437590196991021
0.39222867175456
0.325403088981455
0
0
0
0
0
