0
0.0271378603304788
0.0406464841394283
0.0393197443010493
0.0334097213846339
0.0302737908575564
0.0254492823543601
0.0224339645398625
0.020504161138584
0.015438427210228
0.0202629357134242
0.0225545772524424
0.0277409238933784
0.0297913400072368
0.0343746230852732
0.0373899408997708
0.0428175129658666
0.0471595706187432
0.0419732239778073
0.0529489808225787
0.0633216741044506
0.0746592690869618
0.0946809793752262
0.114099626100591
0.135930527077554
0.161621034857074
0.203956096972621
0.221083102158968
0.244723193824629
0.278132915209263
0.322759618863828
0.351344831745266
0.298637076347847
0.261005910022916
0.199372813894584
0.122783741406344
0.0605475817151128
0.0262935713424195
0.0060306356289953
0
0
0
0
0
0
0
