0
0.0125260960334029
0
0.00835073068893528
0.0208768267223382
0.0125260960334029
0.0167014613778706
0.0104384133611691
0.0187891440501044
0.00626304801670146
0.0104384133611691
0.00835073068893528
0
0.0104384133611691
0.00626304801670146
0.00208768267223382
0
0.00417536534446764
0.00208768267223382
0.00208768267223382
0
0.00208768267223382
0
0.00208768267223382
0.00417536534446764
0.00208768267223382
0.00417536534446764
0.00208768267223382
0.00417536534446764
0
0.00417536534446764
0.00626304801670146
0
0
0
0
0
0
0
0
0
0
0
0
0
0
