0
0.0714027258473043
0.0644071885176698
0.0536726570980581
0.0541551079483778
0.0467977324810035
0.0424556748281269
0.0338921722349536
0.0354601374984923
0.0375105536123507
0.0348570739355928
0.0460740562055241
0.0490893740200217
0.0504161138584007
0.0542757206609577
0.0639247376673501
0.0738149800989024
0.0762272343505005
0.0796043903027379
0.0898564708720299
0.113979013388011
0.133518272825956
0.162224098419973
0.196839946930406
0.247014835363647
0.284646001688578
0.303461584851043
0.331323121457002
0.340007236762755
0.354842600410083
0.324327584127367
0.274152695694126
0.266071643951272
0.194668918103968
0.151368954287782
0.110722470148354
0.058979616451574
0.0233988662405017
0.00892534073091304
0
0
0
0
0
0
0
