0.0689904715957062
0.149800989024243
0.0624773851163913
0.0802074538656374
0.0761066216379206
0.0797250030153178
0.0699553732963454
0.071764563985044
0.06416596309251
0.069231697020866
0.0729706911108431
0.0811723555662767
0.0759860089253407
0.0701965987215052
0.0745386563743819
0.0851525750814136
0.0847907369436739
0.0831021589675552
0.0891327945965505
0.0874442166204318
0.0886503437462308
0.103606320106139
0.093595464962007
0.0932336268242673
0.0850319623688337
0.0831021589675552
0.0659751537812085
0.058979616451574
0.0452297672174647
0.0404052587142685
0.0369074900494512
0.0388372934507297
0.0441442528042456
0.0593414545893137
0.0527077553974189
0.0533108189603184
0.055120009649017
0.0395609697262091
0.0182125195995658
0.00964901700639247
0
0
0
0
0
0
