0.419099808773579
0.371136227416721
0.353611895995658
0.322592307180023
0.361755667817826
0.383418481414879
0.397094500099892
0.394387837619273
0.385359286849137
0.371697538792321
0.360157357460203
0.348973941832915
0.345720238604899
0.358901542179216
0.392342380911604
0.441804378228725
0.499081922919578
0.561116343674783
0.62776969108847
0.693224305733936
0.751048891172186
0.793161514969881
0.822454357774153
0.831977623654984
0.824480786977567
0.791330117685109
0.741382919009422
0.661377020483106
0.551607348422144
0.424822330678996
0.296177374394687
0.18549913900543
0.0955751538849393
0.0384545861042137
0.0101939854059043
0.00130338404163218
0
0
0
0
0
0
0
0
0
0
