0
0.146137787056367
0.0960334029227557
0.0521920668058455
0.0626304801670146
0.11482254697286
0.194154488517745
0.227557411273486
0.21294363256785
0.198329853862213
0.217118997912317
0.240083507306889
0.286012526096033
0.242171189979123
0.311064718162839
0.281837160751566
0.306889352818372
0.321503131524008
0.334029227557411
0.32776617954071
0.350730688935282
0.263048016701461
0.169102296450939
0.137787056367432
0.154488517745303
0.181628392484342
0.154488517745303
0.167014613778706
0.148225469728601
0.131524008350731
0.123173277661795
0.104384133611691
0
0
0
0
0
0
0
0
0
0
0
0
0
0
