0
0.0813078703703704
0.0598958333333333
0.0474537037037037
0.0558449074074074
0.0691550925925926
0.0593171296296296
0.0578703703703704
0.0555555555555556
0.0546875
0.0477430555555556
0.0436921296296296
0.0350115740740741
0.0260416666666667
0.0217013888888889
0.0274884259259259
0.0367476851851852
0.0708912037037037
0.111979166666667
0.140335648148148
0.191550925925926
0.285011574074074
0.326678240740741
0.394965277777778
0.400752314814815
0.350694444444444
0.26244212962963
0.239293981481481
0.28587962962963
0.204861111111111
0.0873842592592593
0.0416666666666667
0.00868055555555556
0
0
0
0
0
0
0
0
0
0
0
0
0
