0
0.0783457487798613
0.0865656306190598
0.0779604418186489
0.0905471358849217
0.104931929103519
0.112252761366555
0.114179296172618
0.104418186488569
0.103133829951194
0.0954276907269458
0.0902902645774467
0.100565116876445
0.100693552530182
0.116491137939892
0.139095812997688
0.176855895196507
0.221679938350886
0.25866940662728
0.281402517338813
0.314538916003082
0.349858720780889
0.35692268173645
0.336372977138454
0.296429488826098
0.267659902388903
0.245183662984845
0.221551502697149
0.158104289750835
0.114436167480092
0.0809144618546108
0.0426406370408425
0.0141279219111225
0.00269714872848703
0
0
0
0
0
0
0
0
0
0
0
0
