0.038858920569682
0.0339212832148877
0.020349915803294
0.0277135599509095
0.0330888299036262
0.0367801657295615
0.0377886234552041
0.038383232963248
0.0417463443407438
0.0427215039339358
0.0406712903502007
0.0367754088534978
0.0349392546926586
0.0373367202290909
0.0454043820342297
0.0567114764391906
0.0661253341705405
0.076014879508327
0.0930064408101882
0.119763868672162
0.140727421487756
0.159840549514316
0.172688871764127
0.194090057177643
0.214868091826729
0.24038397503591
0.24577351561682
0.231864410004659
0.195669340031012
0.151615910799059
0.101583088354215
0.0549276479150606
0.0226760281987615
0.00644556706719565
0.000428118845791592
0
0
0
0
0
0
0
0
0
0
0
