0.977035490605428
0.217118997912317
0.701461377870564
0.803757828810021
0.691022964509395
0.582463465553236
0.484342379958246
0.457202505219207
0.453027139874739
0.478079331941545
0.455114822546973
0.430062630480167
0.411273486430063
0.361169102296451
0.277661795407098
0.2839248434238
0.248434237995825
0.22964509394572
0.25678496868476
0.215031315240084
0.112734864300626
0.0772442588726514
0.0751565762004175
0.0793319415448852
0.0688935281837161
0.0709812108559499
0.0751565762004175
0.0918580375782881
0.150313152400835
0.217118997912317
0.292275574112735
0.517745302713987
0.766179540709812
1
1
1
1
1
1
1
1
1
1
1
1
1
