0.0830439814814815
0.0162037037037037
0.0153356481481481
0.017650462962963
0.0211226851851852
0.0243055555555556
0.021412037037037
0.0228587962962963
0.015625
0.0162037037037037
0.0225694444444444
0.0269097222222222
0.0130208333333333
0.0162037037037037
0.0159143518518519
0.00810185185185185
0.0193865740740741
0.0222800925925926
0.037037037037037
0.0523726851851852
0.0656828703703704
0.0685763888888889
0.111111111111111
0.139467592592593
0.180555555555556
0.241030092592593
0.353009259259259
0.41724537037037
0.3515625
0.213831018518519
0.0966435185185185
0.0407986111111111
0.00462962962962963
0
0
0
0
0
0
0
0
0
0
0
0
0
