0
0.744665761224248
0.57500064525069
0.479907103171272
0.506173680544409
0.587186649091561
0.645843626606968
0.674528152635782
0.679280005450739
0.688755275620621
0.683358956702906
0.706325063072145
0.689506223767039
0.73996802490868
0.751367401495773
0.771249264187139
0.778021556097864
0.780195193180912
0.775519150831906
0.811497903293685
0.873490538613489
0.917564659336197
0.93189755789464
0.92911309717714
0.930635825329495
0.927068130052911
0.930548721319261
0.913268426927538
0.886296519160786
0.858575185297301
0.787998745204583
0.655208529584637
0.496323942609372
0.376112193915616
0
0
0
0
0
0
0
0
0
0
0
0
