0.348643006263048
0.0960334029227557
0.0146137787056367
0.0104384133611691
0.00626304801670146
0.0375782881002088
0.058455114822547
0.058455114822547
0.0459290187891441
0.0647181628392484
0.058455114822547
0.0605427974947808
0.0688935281837161
0.110647181628392
0.0855949895615866
0.110647181628392
0.121085594989562
0.108559498956159
0.102296450939457
0.0939457202505219
0.177453027139875
0.179540709812109
0.202505219206681
0.223382045929019
0.181628392484342
0.231732776617954
0.215031315240084
0.223382045929019
0.317327766179541
0.411273486430063
0.32776617954071
0.131524008350731
0
0
0
0
0
0
0
0
0
0
0
0
0
0
